100
-53.1563390861562 79.9880697919669
-85.27805699816358 -40.13648594091187
42.07557341504159 79.61756003224632
79.33955132132412 28.098078938610747
-18.829228751381923 34.426533390665035
-97.77001425613702 -24.867543827749074
47.321959415810575 -63.48868320050336
98.14875348463234 38.69278220634181
50.62163094696417 -77.8714744012581
-23.58500749976059 85.79240810670935
34.55506035516797 2.586464580517067
-90.65893577168004 -33.819710678726366
72.75654316877632 -65.53851822756815
58.64493606892998 25.305339284559935
-84.96909301231949 -18.422583290121274
-87.29819202229471 -19.86136919429694
-49.23154376789412 -63.68924846814903
21.763944893114807 39.79707443476352
-12.078910377552276 43.39002840942594
-92.98358204032611 46.3870132333905
4.516334969160907 77.58667916846265
-18.875656973117206 73.82660295040301
-41.82264423543154 -82.65597387488579
-52.432184582708665 -56.21296372698459
26.380999005124718 -60.66480852959732
83.5017971319433 -95.64152212026417
-16.866373283617996 20.2405260508313
7.096731557826574 86.90349286526403
-16.90082938090646 94.24687141935254
61.61187120254746 58.00067681289446
-14.837289118630725 -29.854595859965972
12.2377239692534 16.391441114917694
85.8088276728362 58.51767954200643
64.17454505862327 -95.34135481526633
-64.39936436117306 52.03768214747194
-94.49359150086045 -17.41170744300915
60.655429324740254 -17.55170556015888
49.75292557286708 36.38999389624521
-7.298762250731771 46.24162437823712
42.74670522259141 74.26761962120617
-34.46863751207524 -46.51456398340762
-3.641885951515622 6.428698475457439
24.55181186742532 37.27988779694705
17.477355606951328 -94.87259998837628
63.78893494974742 -20.41420417505677
76.99409837177883 -26.457858506982102
-71.66494196808553 94.22148718301831
59.1434941269933 -61.64417569260793
-74.80601957878275 73.33442822507733
-61.742100103700636 94.17993348999806
-12.06131045344514 4.218388080861468
-2.6679913918481346 63.63092452116399
17.414886789367557 53.69095676492921
31.31200223769477 -18.304114926038828
-54.55242936512139 -88.15475574374399
20.364434954586162 -61.45335201173133
7.6407356205158035 1.4108739190763053
71.31907128737396 -40.580468037782836
-57.23801433734157 58.79408103564396
-35.744931281783224 -15.500189388766639
-57.89542808674476 -9.221551861167477
73.22015311672251 -29.69196109473282
10.342487952474745 19.591640984097047
0.8288216059407993 -3.3358076834350103
6.673772875952233 -25.551680308880144
74.71027552930116 -36.09495159971554
-97.33765031785433 79.82990245163501
-67.20853623657463 -11.942089969068913
35.51233556896496 -56.84211132083411
-71.98738100060267 -59.76438924637427
14.157525144167316 -98.73325716805532
32.367085934003484 -94.54681701763667
39.38365645834659 50.16339692335296
-27.89189223303854 5.764157924948221
28.216526920441865 -85.32783889070134
91.15109631534904 -31.85315219968666
-61.473228239450684 68.12827290050573
84.25194431637019 -52.97269897136497
51.634478127382465 -82.75801127987728
-71.63139761636052 -53.80046882965569
84.53896188603596 -54.07296978200241
-81.87706108798436 15.043051109692907
-36.39038425792271 27.352754812120295
16.136355093294185 -83.27434101700112
-10.02259616670501 45.48040937892422
1.2286667792790529 14.243611482113927
-12.24817203849009 -2.1015751702315955
-63.37735589939896 -54.75963683067493
-38.89729984979663 -64.41668646474518
55.99636759143476 90.39573694749501
-63.99032733698863 57.61293068861259
87.5492571081743 46.844436810830295
-39.324565155949664 -20.754905862566265
84.96574312543173 -37.54161470368567
-11.355946621336056 9.105503640591406
42.66656666534079 15.57239205511899
-23.24876844896814 -83.23709028487129
34.46140136131823 -54.12228254289371
44.12119859861554 -20.3235495494547
-69.08457873399954 -9.7353248314343
